F0 00 32 45 00 00 00 40 7F F7
F0 00 32 0D 41 00 00 00 02 00 00 00 00 40 01 00 00 6F 01 F7
F0 00 32 0D 41 00 00 40 02 00 00 00 00 10 7E 00 00 06 00 F7
F0 00 32 0D 41 00 00 40 02 71 07 00 00 10 7E 00 00 12 00 F7
F0 00 32 0D 41 00 00 40 02 62 0F 00 00 10 7E 00 00 1D 00 F7
F0 00 32 0D 41 00 00 40 02 53 17 00 00 10 7E 00 00 28 00 F7
F0 00 32 0D 41 00 00 40 02 44 1F 00 00 10 7E 00 00 33 00 F7
F0 00 32 0D 41 00 00 40 02 35 27 00 00 10 7E 00 00 3E 00 F7
F0 00 32 0D 41 00 00 40 02 26 2F 00 00 10 7E 00 00 49 00 F7
F0 00 32 0D 41 00 00 40 02 17 37 00 00 10 7E 00 00 54 00 F7
F0 00 32 0D 41 00 00 40 02 08 3F 00 00 10 7E 00 00 5F 00 F7
F0 00 32 0D 41 00 00 40 02 79 46 00 00 10 7E 00 00 6A 00 F7
F0 00 32 0D 41 00 00 40 02 6A 4E 00 00 10 7E 00 00 75 00 F7
F0 00 32 0D 41 00 00 40 02 5B 56 00 00 10 7E 00 00 00 01 F7
F0 00 32 0D 41 00 00 40 02 4C 5E 00 00 10 7E 00 00 0B 01 F7
F0 00 32 0D 41 00 00 40 02 3D 66 00 00 10 7E 00 00 16 01 F7
F0 00 32 0D 41 00 00 40 02 2E 6E 00 00 10 7E 00 00 21 01 F7
F0 00 32 0D 41 00 00 40 02 1F 76 00 00 10 7E 00 00 2C 01 F7
F0 00 32 0D 41 00 00 40 02 10 7E 00 00 10 7E 00 00 37 01 F7
F0 00 32 0D 41 00 00 40 02 01 06 01 00 10 7E 00 00 42 01 F7
F0 00 32 0D 41 00 00 40 02 72 0D 01 00 10 7E 00 00 4E 01 F7
F0 00 32 0D 41 00 00 40 02 63 15 01 00 10 7E 00 00 59 01 F7
F0 00 32 0D 41 00 00 40 02 54 1D 01 00 10 7E 00 00 64 01 F7
F0 00 32 0D 41 00 00 40 02 45 25 01 00 10 7E 00 00 6F 01 F7
F0 00 32 0D 41 00 00 40 02 36 2D 01 00 10 7E 00 00 7A 01 F7
F0 00 32 0D 41 00 00 40 02 27 35 01 00 10 7E 00 00 05 00 F7
F0 00 32 0D 41 00 00 40 02 18 3D 01 00 10 7E 00 00 10 00 F7
F0 00 32 0D 41 00 00 40 02 09 45 01 00 10 7E 00 00 1B 00 F7
F0 00 32 0D 41 00 00 40 02 7A 4C 01 00 10 7E 00 00 26 00 F7
F0 00 32 0D 41 00 00 40 02 6B 54 01 00 10 7E 00 00 31 00 F7
F0 00 32 0D 41 00 00 40 02 5C 5C 01 00 40 07 00 00 74 01 F7
F0 00 32 0D 41 00 00 00 02 00 00 00 00 40 01 00 00 6F 01 F7
F0 00 32 0D 41 00 00 00 02 00 00 00 00 40 01 00 00 6F 01 F7
F0 00 32 0D 41 00 00 00 02 00 00 00 00 40 01 00 00 6F 01 F7
F0 00 32 0D 41 00 00 00 02 00 00 00 00 40 01 00 00 6F 01 F7
F0 00 32 0D 41 00 00 00 02 00 00 00 00 40 01 00 00 6F 01 F7
F0 00 32 0D 41 00 00 00 02 00 00 00 00 40 01 00 00 6F 01 F7
F0 00 32 0D 41 00 00 00 02 00 00 00 00 40 01 00 00 6F 01 F7
F0 00 32 0D 41 00 00 00 02 00 00 00 00 40 01 00 00 6F 01 F7
F0 00 32 0D 41 00 00 00 02 00 00 00 00 40 01 00 00 6F 01 F7
F0 00 32 0D 41 00 00 00 02 00 00 00 00 40 01 00 00 6F 01 F7
F0 00 32 09 59 00 00 40 02 18 08 00 00 30 00 00 00 00 00 00 58 0D F7
